민준	1	39,408
서준	2	37,786
도윤	3	30,984
예준	4	30,060
시우	5	28,498
하준	6	27,199
주원	7	26,665
지호	8	26,130
지후	9	23,328
준우	10	22,908
준서	11	22,392
건우	12	21,532
도현	13	21,468
현우	14	21,215
지훈	15	20,652
우진	16	20,313
선우	17	18,840
서진	18	17,420
유준	19	17,189
연우	20	17,089
민재	21	16,606
현준	22	16,430
은우	23	15,958
정우	24	14,781
시윤	25	13,992
승우	26	13,599
승현	27	13,551
준혁	28	13,431
지환	29	13,404
윤우	30	12,523
승민	31	12,438
유찬	32	12,391
지우	33	12,380
이준	34	12,324
민성	35	11,801
준영	36	11,483
시후	37	11,422
진우	38	11,322
수호	39	11,079
지원	40	11,033
수현	41	10,895
재윤	42	9,489
시현	43	9,427
동현	44	9,393
태윤	45	9,171
이안	46	9,154
민규	47	9,029
한결	48	8,904
재원	49	8,877
민우	50	8,845
재민	51	8,685
은찬	52	8,680
윤호	53	8,620
시원	54	8,593
민찬	55	8,356
지안	56	8,132
시온	57	7,886
성민	58	7,852
준호	59	7,727
승준	60	7,702
성현	61	7,667
현서	62	7,502
재현	63	7,434
하율	64	7,363
지한	65	7,332
우빈	66	7,289
태민	67	7,251
지성	68	7,249
예성	69	7,219
민호	70	7,183
태현	71	7,173
지율	72	7,149
서우	73	7,143
민혁	74	7,103
은호	75	6,915
성준	76	6,895
규민	77	6,766
정민	78	6,738
준	79	6,707
지민	80	6,696
윤성	81	6,671
율	82	6,563
윤재	83	6,539
우주	84	6,420
하람	85	6,394
하진	86	6,393
민석	87	6,356
준수	88	6,349
은성	89	6,296
태양	90	6,271
예찬	91	6,247
준희	92	6,105
도훈	93	5,958
하민	94	5,836
준성	95	5,688
건	96	5,673
지완	97	5,610
현수	98	5,603
승원	99	5,565
강민	100	5,540