민준	1	39,408
서준	2	37,786
도윤	3	30,984
예준	4	30,060
시우	5	28,498
하준	6	27,199
주원	7	26,665
지호	8	26,130
지후	9	23,328
준우	10	22,908
준서	11	22,392
건우	12	21,532
도현	13	21,468
현우	14	21,215
지훈	15	20,652
우진	16	20,313
선우	17	18,840
서진	18	17,420
유준	19	17,189
연우	20	17,089
민재	21	16,606
현준	22	16,430
은우	23	15,958
정우	24	14,781
시윤	25	13,992
승우	26	13,599
승현	27	13,551
준혁	28	13,431
지환	29	13,404
윤우	30	12,523
승민	31	12,438
유찬	32	12,391
지우	33	12,380
이준	34	12,324
민성	35	11,801
준영	36	11,483
시후	37	11,422
진우	38	11,322
수호	39	11,079
지원	40	11,033
수현	41	10,895
재윤	42	9,489
시현	43	9,427
동현	44	9,393
태윤	45	9,171
이안	46	9,154
민규	47	9,029
한결	48	8,904
재원	49	8,877
민우	50	8,845
재민	51	8,685
은찬	52	8,680
윤호	53	8,620
시원	54	8,593
민찬	55	8,356
지안	56	8,132
시온	57	7,886
성민	58	7,852
준호	59	7,727
승준	60	7,702
성현	61	7,667
현서	62	7,502
재현	63	7,434
하율	64	7,363
지한	65	7,332
우빈	66	7,289
태민	67	7,251
지성	68	7,249
예성	69	7,219
민호	70	7,183
태현	71	7,173
지율	72	7,149
서우	73	7,143
민혁	74	7,103
은호	75	6,915
성준	76	6,895
규민	77	6,766
정민	78	6,738
준	79	6,707
지민	80	6,696
윤성	81	6,671
율	82	6,563
윤재	83	6,539
우주	84	6,420
하람	85	6,394
하진	86	6,393
민석	87	6,356
준수	88	6,349
은성	89	6,296
태양	90	6,271
예찬	91	6,247
준희	92	6,105
도훈	93	5,958
하민	94	5,836
준성	95	5,688
건	96	5,673
지완	97	5,610
현수	98	5,603
승원	99	5,565
강민	100	5,540
서연	1	36,825
서윤	2	36,327
지우	3	31,748
서현	4	29,362
하은	5	28,685
하윤	6	28,645
민서	7	28,024
지유	8	24,231
윤서	9	23,761
지민	10	22,707
채원	11	22,365
수아	12	22,011
지아	13	20,919
지윤	14	20,904
은서	15	20,830
다은	16	20,575
예은	17	19,516
수빈	18	18,544
지안	19	18,473
소율	20	18,388
예린	21	17,679
예원	22	17,400
하린	23	17,387
지원	24	17,077
소윤	25	16,758
서아	26	16,658
시은	27	15,372
유나	28	15,323
유진	29	15,259
채은	30	14,826
윤아	31	14,403
가은	32	14,238
서영	33	13,902
민지	34	13,686
예진	35	13,514
예나	36	13,259
수민	37	13,176
수연	38	12,900
연우	39	12,813
시아	40	12,616
아린	41	12,551
예서	42	12,437
주아	43	12,304
하율	44	11,912
시연	45	11,820
연서	46	11,610
다인	47	11,451
서우	48	11,234
유주	49	11,156
다연	50	11,038
아인	51	10,971
현서	52	10,856
아윤	53	10,829
서은	54	10,759
채윤	55	10,342
하연	56	10,287
서율	57	10,280
서진	58	10,247
유빈	59	10,166
나윤	60	10,159
지율	61	10,139
나은	62	10,112
수현	63	9,988
예지	64	9,809
다현	65	9,722
서하	66	9,469
소은	67	9,056
나연	68	9,024
지은	69	9,003
민주	70	8,936
사랑	71	8,833
시현	72	8,747
예빈	73	8,714
윤지	74	8,682
지현	75	8,564
소연	76	8,524
채아	77	8,397
혜원	78	8,137
지수	79	8,108
은채	80	8,106
주하	81	8,050
승아	82	7,800
다윤	83	7,558
소민	84	7,502
서희	85	7,402
나현	86	7,365
채린	87	7,362
민아	88	7,355
하영	89	7,288
세아	90	7,257
세은	91	7,214
도연	92	7,112
규리	93	7,091
아영	94	7,075
다온	95	6,839
가윤	96	6,679
지연	97	6,670
예림	98	6,626
태희	99	6,460
민채	100	6,444
